223930743
496990866
314791047
880409364
384217465
433896895
887910951
231094971
561219240
724617057
106287255
750937479
885569050
48038282
556636047
192430768
729864559
460222623
516903378
525055936
93457530
980922892
136844877
130311108
110799203
88243497
864023872
797460391
318848531
473604321
241032195
520622119
451698574
209645352
707905135
376720472
796342571
762766340
310475206
449527825
94142768
681230516
675358909
725691860
737965065
966400979
403091723
633060558
553108576
11574246
243439550
819203787
797224151
8504286
345065000
418821388
534637644
80173638
262584606
363388428
176254963
319392549
707813595
816207816
498034546
881743965
651978486
32932685
707501745
299218321
928329962
454125021
295706342
14198836
9479311
625696958
246272045
564492161
903606756
248926028
256763008
926702106
844269342
808559541
621630024
810892564
558815153
480365227
319755942
523281046
762459703
434009343
210478747
720373100
214094825
919638712
465439540
577841831
214200417
243923707
923314102
716552376
56260473
631124004
752198677
558029977
345417105
145132162
20015844
529598968
659425186
78220765
714792726
878229913
88115983
140780981
710174041
470300041
292486172
203733175
751324556
306099448
870269131
432177529
934832037
32728952
701613724
226523709
393850776
232386433
229612310
167707391
75159836
945903670
162329623
998707112
34807293
780376514
175257906
808581379
588454648
77054430
858456449
901442440
764432072
279172395
356845906
105583549
732998133
652595582
64164619
422420076
463624788
454106628
973026127
236655444
610682686
107623182
180539273
754429729
192190893
797941492
879385205
742065818
729951950
500736403
409534431
981934442
214175403
978111081
540502201
512079179
171483517
838207443
735877176
681364735
709999559
808112295
311636966
231450547
225174620
840001137
931429901
50886054
339371293
265252989
32625719
365737870
59374408
649872059
496714019
6681760
339448263
272317089
69878633
986337626
581939234
742743466
810743787
35332955
769490040
477308055
751944503
474313189
157570174
814798985
273014254
975665518
846243815
63283629
609927896
417499597
257024817
755194517
890432641
318473751
53565834
699396371
956114502
821032436
431178195
893024389
587177767
58819153
855288570
104606048
112480710
88362595
226540494
589152354
496917449
613141844
392101452
337131501
35333748
97982731
788722047
899744591
634509132
822211263
501220782
845561183
173149026
100505342
936468890
476818437
638254294
600981810
761882297
521643109
141741665
91396384
431274986
90847114
723972500
367708175
40197628
480126556
204229470
776582470
16210028
161437318
598606288
987214140
183673728
57629358
602814945
241313719
552484562
464323070
843763379
596997728
98702164
570356266
505234241
957078401
243406955
746395792
198548020
349894617
433582949
699595355
700791265
817029584
502769578
325217154
246228570
803310805
485155453
984271046
209215454
477298048
498334359
875437781
240733780
412574576
748866689
791433878
650152079
399729800
780970681
511771478
196665487
344746875
740115122
308418717
561914199
641000580
696131432
966651192
910460799
619268281
328965947
554504637
855195751
613723807
466735796
130419505
280532127
403109784
850841590
145261320
240765549
757082504
935160208
472882989
150658754
140633697
682549019
559368320
779732261
297679747
956921695
897286336
913598931
82160048
806013226
955545147
670790787
55716317
349770652
391238746
280836803
690272874
121344098
166331675
10930744
557268238
119292907
433851584
949573796
349189911
916371680
355809930
544408075
550350970
405753728
494322921
379519381
780058224
951542652
969959882
349351124
390621098
226799263
114431106
529731474
573827392
77078645
31193450
2192841
661980398
626763708
5876096
199702016
293390916
163554870
532712448
7191057
828011246
285713287
313133825
569078617
667975596
397565285
673687799
181619121
672086371
989990977
693465451
636858422
505297661
670898403
942858899
246779480
777160056
620908707
147949905
523585723
80793530
874655601
606003552
90813105
320661905
479366559
600884698
19030100
928272114
399001650
981830503
41347974
15578398
831561335
69626523
333017218
152624659
34744960
1198104
14350140
115721497
534579652
892919751
738529720
612767162
774702858
936164275
590111217
21347624
480553548
892987482
683890939
581779486
720815061
858224412
908126444
170704421
384189383
535136356
994789514
781244342
417226256
339195524
769687773
583746734
130863643
118352932
987098255
8078372
450066572
143556399
490336776
636177340
501112064
781345954
667885945
924686635
81416507
177655177
853892449
385132002
592221300
640715433
714716090
967060861
17950690
759047272
985589308
42242489
668765181
691406007
592271889
740480887
154012694
348328146
83931503
995475275
491310409
194328612
990542085
718767767
274380881
246176994
729188962
118057670
396149368
152011058
750247590
540576111
253743125
399928973
921031916
970967228
528800511
130364677
578884158
705002253
247906043
386845166
88620445
904874316
670149630
123130752
154701639
8823924
736022170
845351018
63536010
998091799
36488103
375297019
666135705
638976177
43626350
110865579
409262252
228999868
283337040
82751087
440653211
436407350
153030413
579445422
560492638
274578073
697829053
667664172
79667699
481247932
190633014
370318664
941362863
851090724
225552188
892575138
435126836
814264263
969959347
187486117
603776211
568635853
545143383
420871357
838568930
805858042
364753228
890918107
955310410
858182002
877551607
557339497
224890925
411411704
88201877
179477111
830764809
647881178
596773662
809685889
180765644
310568766
662381534
960547879
502227042
114860362
994998446
600402695
491591327
718077327
976269861
435458315
219608619
19358024
747478264
928082669
461051824
475113951
851178867
665125915
526919249
839986161
721078625
28261838
133811150
882544228
459219967
396966149
909119956
172062453
775340734
116096031
564561363
621365392
273420520
231950716
290215399
625371155
116023732
106653718
445588103
20615394
467369071
789805190
525316119
763375453
578476529
803334186
730213386
879321944
327774294
390687102
307721720
462818034
941821907
420896656
370920605
26604043
295080459
913287101
846646330
440810715
4818359
466812506
928661965
812827642
705290066
912147377
262028001
595928012
690397964
943129299
603793919
764756081
170402079
781093095
889933995
240483607
888261400
550761920
189281476
708925064
805382035
735024159
595394244
263082739
93544003
79102658
553257549
770010946
186338092
648916184
749065563
753707584
154449617
446068643
520718856
784750215
7584897
340731111
739949525
648006780
602881756
917181608
443085162
837007079
894534982
714039467
768457203
503124294
109484450
877001513
319543999
815875149
724865189
286507842
192434309
604316904
578137927
152212116
65548277
126238270
112163452
22006699
883330568
219773622
274837117
292883168
411529549
940004603
414269064
56945214
890517475
970464450
172013767
406910434
958834972
666267141
742777386
865541396
208828897
962509929
381745773
112361329
120091338
639932886
970687744
644087304
597719299
541476997
149930137
923430525
27644864
380901998
661931103
210870727
210004685
271170728
388378790
917936421
6420718
159667264
179521890
516266286
253971641
13905611
132929309
847765957
876491608
20243320
968336165
936610438
34710204
794904056
633045395
948401802
175840036
857624108
154026156
885826466
498846589
470383905
2014760
579642515
375244160
624506122
151338980
920367065
841422086
87060782
486734926
486852830
294912505
250804042
933115168
435893729
824484813
220205159
452210198
910557793
226438071
399524451
975500468
258213678
204031253
508058111
118265944
991921033
713837723
753852344
665412169
916346647
65254877
62323766
934619077
922624005
553888034
132844256
133059015
152195414
925629423
427620531
235326469
69889627
338664076
366910849
55321608
269145499
181174747
287187243
474765856
870870268
782132969
529310891
965057984
251021045
843323445
167804444
914686566
635346630
147849302
816167615
996906885
193175443
542126776
983805049
105500243
521660612
326244865
95057497
801919028
479096824
456108727
378212742
884864557
858031824
497700430
901010580
571354536
308760111
169897373
468460481
902745671
669883957
861532642
448800506
724242448
639058879
457832982
784805581
874528088
743533811
611224381
51691486
833806088
332001850
645072651
901471881
862373275
807572313
192672290
189348535
794615858
322960379
507281564
503713585
889911312
445493429
894920452
351406294
65338840
919104887
635821262
408409408
106482593
166603461
991794523
698230901
61212400
917269743
817415639
361459748
534529436
656969746
978045951
526698364
415876818
90837643
255595705
272173630
157370271
608144347
925061199
506352016
883959751
736836135
395794429
912996279
734471881
678624921
618886223
660090633
113813165
397290463
706783334
12342182
267467991
81491450
937261765
103577914
384061197
572978487
18212796
98962633
482555303
11384150
872560321
628853046
668125192
233085003
917338321
418190736
43530897
624964379
713960973
320161153
67649991
190854315
267585401
733570987
464617729
571226967
164893575
523811497
738763366
963191533
127425829
851794542
853357757
131508935
590729106
658910348
924358274
561264565
220108704
264525407
681235059
873766135
166888298
552104516
601095472
769510393
633109644
387616787
753324110
351665903
428985984
207010586
551581788
862050745
610732039
496380955
428141177
786270395
614323897
177793969
380187198
378373861
144114510
604990011
925009657
856561810
227989987
6400960
105221650
534240596
559969020
218748990
248632926
694787301
467017619
504236001
480700396
79124686
462694423
99896852
859201137
933577907
492503339
11615495
127684412
928098542
194080536
930754907
721241196
184022414
52277195
152118491
888190271
693927524
440638133
32456349
775551939
637353629
625664925
13993693
553921689
324237181
740660574
103154571
195949383
577631083
87076632
137071260
267582743
408969541
421443100
276522062
16179707
468780772
866601869
161166960
446290575
364946057
931656121
669515687
842240446
936579085
723486394
500755280
34613239
627206420
624689159
987798262
401483182
404644645
542311131
950727166
259016113
180893968
795852402
687870370
622253843
363228348
11889229
699337140
826008157
252810031
179643144
656880437
786459527
250568440
653342379
826983575
683037070
748361062
172854702
364245149
52333568
708804040
426512897
3255011
44190255
67474016
765125713
963626358
305803400
539917087
62813376
759714412
372016258
262156964
530598014
879474664
866248561
31899238
347811028
412182372
402289221
108733521
62671640
999263969
46069008
451316815
808289138
433819305
100296654
559381191
918415774
710705305
943366724
405673456
646223392
839095734
645238663
210455353
480014802
672642344
133176400
467446698
306056113
928778858
153584583
879182101
137698926
388995045
115063804
921401267
761846801
567352621
872740779
115654789
851929130
367031951
473543250
747758423
467322627
16827600
3141182
493670628
462176567
884415711
712648389
986027272
924547909
234686053
139879948
821795296
75456772
163880491
637123379
437780518
995876848
458746567
564263434
995145051
489849430
60063946
970084266
261383669
409049160
848021784
261166506
68727412
886554698
199930554
620633264
387663322
386733528
926181757
589835992
274783047
958607443
886387116
644791393
842726664
969519124
583024545
993791932
129423037
235191028
974105333
479247783
2620913
395300753
429394722
999735052
477957287
607562623
357230404
469806734
524247989
848198486
372279538
25876732
313661386
965922306
670568664
65046454
197926261
996597973
379351529
196865540
471330803
416128551
299011349
300586208
249217760
2592920
536015437
445492222
844822846
760982990
814365624
360491407
681115861
104056542
663056362
670612831
606888403
802877681
514428077
69729002
92414934
445764113
959275141
616237514
19947005
552918388
826049955
145218346
34060082
567434036
361035990
438490286
818060367
616207726
952107466
912905494
372501617
844250188
569440530
635152906
813211074
863792311
291704542
984421750
317555489
219373586
985881371
126763828
333094674
998848384
843599515
79270043
741997464
768146757
118017479
798750960
332984988
778000681
14761223
777115564
171095387
990139478
370752640
740834826
540834021
458239639
999124140
489639888
352510436
237879888
520587371
752946501
792619403
505722338
166026147
352550620
630474847
360060282
586753711
426162525
794053873
724812894
703476675
55721417
442880141
462202198
258831367
252666797
905122859
744038318
98316966
853070060
135886439
669210738
518082774
770507280
185517796
230206196
903498304
123665043
947890036
911943355
598533678
706923153
861884352
292750824
642118082
891683983
453162950
53863674
973864909
448275839
581906332
287444776
628517690
655229944
975204721
124046214
627470093
935125197
305597567
631933164
948660213
722644592
480823322
29243183
465573087
257749925
450775656
305118191
835170044
9839921
248188576
880419855
367088012
810419078
957543023
418241891
196830530
913303072
165578058
988110324
28943795
851979377
265702263
617585277
117999884
440811615
862262006
656140760
461884224
715830848
809384370
107022403
730319603
255529455
998950354
134712596
719293541
714121080
524769947
763238205
977253741
669036336
952451522
481533390
200386704
988996265
39635108
157239246
441411421
904976735
817669206
623628424
659142488
178004952
667555314
292856849
585269045
147396761
119789932
612661401
871646649
781258276
64951958
526262378
467822719
986470455
880490737
923037924
767051469
544708238
425768078
440084756
242865466
879199740
714222869
654760758
711147028
6913422
386411141
411540638
518997883
153805045
444103994
671951174
546578630
595919339
392702391
236057927
967144935
903906468
321677922
33145993
940033880
308388419
140923830
446193675
398265662
842228141
310777473
550925271
564261945
54872458
846655464
900217701
902106617
813441269
52952614
956120857
651576621
213128170
517946995
805553578
537263950
201894147
70402613
935801394
495533875
795634285
113469717
589338952
493483065
912360244
482077476
264424616
548763600
907976446
451645924
931687468
609038887
950568282
9590516
353993143
867474388
851523991
3354717
836804885
619203820
885161031
331810472
811745243
786939162
306830495
248664639
832932296
536224518
633862365
910478134
12857397
877308624
523447769
107145150
264159648
116892706
84014931
253919018
270830754
425388464
337350831
61660490
165473098
460709281
31283595
211900185
919678940
915555426
138929173
987151081
396970040
399805061
800202647
301905852
509729936
241776294
622507442
368759138
553995956
491195547
696377557
255583037
362800107
672733012
262616514
547756745
667027545
102611162
132534879
943834996
932693727
913346146
982743678
869086219
858446918
295058491
869246727
590016819
773426702
958528010
409048552
120924127
932921941
948432090
316039044
712914075
430268477
818785796
434539064
454531904
343928121
850910517
249725713
554661997
237641430
612334143
558459742
51757572
101017757
278534286
624193353
843489222
833112372
964665636
611152289
167904622
960762378
928277507
369494479
617146686
178156103
134066772
26406279
819285688
678864799
936089053
207989496
490108843
14066234
790356009
781325618
307630200
191757463
110793134
551410815
186110917
975333868
914159580
487994191
977616775
343074009
445403244
485105204
377312470
33009979
855329795
891731986
89152652
173701362
429317491
694343287
872354143
547012695
191649635
207490740
452624049
853689915
678027393
942467911
977800965
969035960
662756508
308946011
523192890
50119725
921386286
371785935
420942208
156661394
119257076
774100366
979316891
897090906
447147538
465490786
566644323
334470464
123294145
186720188
421021584
762326777
683396855
982535950
786930042
969399400
564365680
894686439
715054390
689448584
721666987
557262377
749183321
215274597
412985030
634347503
686902443
735800938
231937244
941715593
77356327
125411569
524810563
44220056
313757413
422777463
401384271
60971118
310281266
532355811
229161926
111891730
307862144
168916394
240664597
150419608
332166389
350289258
288379251
24737139
996275471
885606237
844673542
248845951
482582088
68321336
698270641
728066648
700943183
881061882
969139123
232269359
366719557
371828910
714932389
733585089
402064605
840301882
590073663
390894304
981431035
154204745
439515391
366545435
328095880
927177928
950019873
275154971
148537251
662819419
270050321
691740238
257332574
989077849
963192236
166718698
404114208
160696922
538233166
816481492
738865793
435743796
751028582
66446702
430948039
279349510
689111805
132977346
144807564
610717574
510330822
533693197
841073208
188412669
432903354
333021937
451032795
377245385
878087833
59956800
616285917
814166387
400711101
704672411
910286692
200044585
450237608
914780987
796751111
601724210
969698860
303595026
329358064
220155346
136039782
562933103
71298061
734616906
88319697
81020017
491120537
692170433
585393758
819274312
767726057
300692842
128484991
945752754
372595222
681456643
13351700
881365629
367418304
624702513
19098902
39446492
201789967
103551704
364239709
259738026
75788680
875629973
174172332
212349876
68921900
28740832
907214588
411887399
168562584
100779202
18769578
801000113
761731487
671887368
35747655
578438001
803619637
38818813
237329888
329840608
729947948
640912292
255441098
918550751
739102615
420433744
221445245
685499609
600567384
826887705
87746483
546535658
930723482
977927956
577964719
645474253
463456568
784529659
891569029
482760392
294674030
54067434
973334820
382222223
225896902
573946070
410405383
849329858
17275139
525648104
36374339
709171001
695034595
812815726
189576635
864644441
668475249
738718611
519221226
386912566
688804703
122744731
876282419
320827400
33535227
290083188
424978110
765859154
398748201
244367041
814615999
264144702
15713315
783655190
350622143
405893529
432242863
842826045
278344271
540923394
182490476
140427137
865033897
84055033
447020246
428594472
146170728
720107437
528852958
647268475
344539123
778060485
57442655
878160216
817363439
658472733
813375497
692457533
322146220
796466803
739865550
754925969
690044212
635655868
386325129
54799480
71701349
215540059
793512362
2740884
580099121
553533946
773732141
688377419
844472170
178403478
23640319
612802788
45584692
168125670
407351256
176429026
903210259
413794683
705377380
549239791
699668043
702066645
797662715
415536498
257531314
539770351
559461984
559500424
244553410
471844704
135539472
635262856
794491311
331954205
925218857
492751791
139511477
356363849
777933290
558562974
319525871
156432103
51455698
402805494
528042060
32038237
323909074
364743019
875459115
194155810
442567113
21661428
292364699
904500419
19583361
129437293
591077378
916724827
494983745
155579837
877845816
578140901
43999437
585016778
225802206
512673474
238206096
177662357
835635141
522078849
822698098
370039022
523286119
608898242
855014108
69243061
868698170
314796636
891719673
417794276
464293688
683618234
797045127
396960843
534595486
479553680
991999451
771698133
518019549
25269326
734784448
203204805
657773840
458827882
12595242
909226236
31034006
955990503
285114176
34694589
934797945
718415768
120912349
606281914
964335984
308868621
444917742
237277951
177865993
320455242
919067800
480332923
291532106
824865678
925838924
204598149
135115989
559517677
747762249
613348798
504949782
218360468
133145833
484104051
850644033
417048904
322504513
74515620
841531210
149494318
360751860
515946178
82819761
656821423
731760282
737900311
36644288
237018423
884797138
308622204
386398211
357693033
452573096
521681889
641485485
547098099
29795667
539805753
82091439
559849835
446432245
63262438
198538778
701537086
954204768
411612641
486677293
486844412
586638820
888515835
859593831
863142843
856375138
86629033
457386778
498122788
638147690
333627616
352115655
376461617
537191306
684346274
516225551
525366571
761839753
834424650
552297047
768869828
772313878
627217505
563049108
250859535
47405369
710788631
306914157
