473515600
460582405
152282985
231255512
404237771
525306732
412436271
163016709
564263246
640287020
490533904
406409637
710017509
608390723
710313419
122019721
376252423
49647599
490657718
253261281
159029001
515841517
211477423
44405380
555849901
774966223
852355475
839795587
935948509
805202883
967258180
852371762
346389956
838557139
66784144
868525972
125405540
73349936
746195774
542017889
245023667
73991166
357427527
890343699
70460359
53104723
814086131
351371639
761898420
107969479
330971022
685642883
891349317
498869483
827793352
660527673
367513563
415410010
117629703
757087373
397316617
597880362
304407077
670312628
734605981
149681291
433699491
590300046
722983932
894660948
983768576
758433870
807677156
466520113
308671503
581919074
25592098
748481504
415084552
295857156
66281095
358020934
185069979
308879818
490581925
157106401
267292968
621197654
587450337
592186549
721244508
118445052
710363985
374838757
188040515
817197783
158145025
213881082
905667562
855420281
224760033
128847901
517576646
910904439
740367896
204627914
25858695
911154992
641481549
394991799
801564440
127947201
49595789
321546768
625877039
678344714
291143688
632823181
840753825
871358217
871436151
839825664
833394078
926312863
813695736
99194639
965658052
166663475
11924779
908475088
340678959
573365374
421782004
360854552
330819592
417514279
453638876
495713240
883398936
825975205
841429866
408652232
285946950
449916791
372807312
448182804
276957855
678967855
91594502
839447282
300149203
988156551
161857778
17301231
942165868
326543107
331472692
416544680
490690386
901803967
497348349
316398123
380353938
120882250
978130819
945453695
539131147
790725829
794988777
563894817
242616934
333254127
176875077
808995293
665420430
733816951
101464645
640632877
478689497
121947389
492924659
694259246
374445228
317205123
587035338
443559748
548029125
792020409
385331534
13638741
889741785
378971591
323384576
753331364
829001252
643774391
622723235
273146816
545516922
259968395
957960102
849993116
171631419
450019228
305327875
173445554
920823489
734102893
229046886
908752098
5209920
876615779
568873443
542495481
168679243
206498918
5076065
286955147
534104663
966442243
363336226
293459223
818113770
214233044
677179613
173738727
333458235
143846419
923146027
477470003
308573393
741883513
285758566
715418296
91015545
64809675
675338657
158102143
653809293
372918434
719840445
652536347
332148672
37462514
368278986
272857293
926319420
837988924
692259314
708589859
712215889
668255693
145960672
866706661
703610046
92481935
964199742
455809493
863712137
851004925
141521462
83706101
223988150
658226559
469403729
149964389
845238541
209191225
918495816
84927463
762291129
598036677
571347495
74018026
955138856
626313056
749459374
624426171
654905638
156811870
675952820
259562129
44721079
554750475
289102640
359691569
478622682
799207587
817905449
65307189
494302721
380515549
672404032
99003126
119321389
101424608
640410878
983509742
699888611
239427369
448455284
95342164
854169209
713456927
396225666
218068067
259110349
329664054
46624997
184985320
114971597
398176209
212060209
32119577
42126901
946308202
664128923
38632536
300499546
974920084
878956747
598324712
986506091
175416309
562708426
43898917
862068656
847790551
858004168
101623707
764677083
428306722
767001321
370226361
899338726
682657870
23758996
142104176
438364257
771174791
68322154
580747442
672248188
711904356
906999756
64719019
836483195
310807904
54951757
750360575
760192984
92231570
843949746
702945705
671299786
734087182
613668765
425252050
81004841
718393451
490861001
165079577
342223811
467126669
977138555
916327108
619979162
904506997
620860123
714705341
967428635
819314896
927907906
357488773
513148111
384631176
984214399
500992526
430558991
908187792
212136486
679429711
79189753
155593800
283684476
879812188
133109116
122975935
564829078
150578989
500809425
787585157
993387660
333273778
702623825
377833253
3215275
419072119
119124844
961826275
832603737
543132581
122695445
430168295
206056181
53089362
723531749
159658718
195212993
2619739
622799794
95163279
864040480
421633834
794722201
623691933
730963960
661598428
194334748
274480203
860065030
383797503
389972968
939183165
576526202
491551311
783795231
335317324
18077972
661789734
247516749
842614071
442291277
529755948
54838771
525393414
945295126
961479608
730754280
154467203
875142825
916106438
108066099
790101247
184983297
873929793
433260700
54494590
537924538
671391076
700661549
569985822
495636901
342376316
621984861
270309729
273092583
482437434
317608362
899866924
577257129
11335144
208735566
133923329
51046873
557387780
912014283
405339642
976575711
87993041
608994052
875882257
642893369
693469349
254153176
598050561
220448105
440766740
672287329
972960144
2897433
59975534
607148670
208061405
450273813
535891022
849802313
842887221
897646049
840775611
881796177
159775937
960184262
470122861
902615995
688395992
276944550
803522202
513839946
197320026
77871581
796125355
747862199
832898404
245731300
66827216
54092088
95928844
769314343
56821725
490350802
461399273
266801581
822028587
865100881
857809177
197289212
945986237
293600601
282789747
400889767
532771693
377645914
284108974
218440212
794565438
506942311
263453673
973666671
183480880
76157986
839040236
464810164
645699692
384293512
247158793
48466752
476898109
754231971
777865485
223121638
526141546
805402653
972493759
479067698
491217280
609721169
97372050
798727593
647744012
641804559
726651002
118602715
198944361
433471988
985622522
431034685
179918438
797425164
633144583
968693637
422465019
486578104
97183762
113335019
922438176
497718556
361091195
667150826
255402995
658103556
160700916
862364972
677690840
101414666
864971536
733093605
714204045
148544563
137596957
81542482
372458489
565401325
616328385
415102810
400981819
233870142
393842335
666717043
11531660
705959642
672646705
821024831
256513620
630801936
121153373
414399442
358939695
568517041
843700228
247304352
61375545
606063949
549642121
109821099
837306431
543277557
161937989
271230798
203558074
250653232
330854430
395805661
511816811
345534337
841023360
221241297
372504725
274752848
838297073
153318347
182506603
617164572
915427213
98430817
262367976
269728766
31968822
660691322
547063934
699752440
794015855
886677901
71378206
630722650
964074412
240906208
116057926
79980905
31863501
459302272
569572953
236672818
965014431
454947647
63486275
114378571
727058068
966928384
773735389
544165956
41908200
154124645
477760191
903203081
83058150
674236790
816242431
967342491
46320800
865389239
541721659
602187861
842198109
702543038
423624509
288148836
723529439
51064843
15014560
36074335
492227257
30651593
530990532
369550027
842578431
758029424
18107749
209297042
375308187
408190125
950073207
628886597
224536121
51281515
524494745
196884400
87688353
543637269
681501376
569379832
635781142
412949823
156071249
942583160
848298089
43514837
416007636
164859878
193809462
980190063
846418290
691409948
835817288
99723220
4631055
46111461
144967743
94045418
687695322
140278545
846292042
848756554
194576353
246802330
616682581
136229856
809074197
903046920
7171621
659542044
725242503
732779800
221169281
41926353
448121483
555273316
698675191
345905642
958035239
60591124
193267868
194074866
471263146
349166004
279686768
445174077
573929539
289403714
81968098
628257726
475442216
670656647
692915970
256181073
514349717
705071546
883349300
607172927
260306569
448222504
532851145
287953378
263786308
5914402
902074955
659818614
898740566
17028049
700070593
134610071
776670495
346846919
559245938
122894848
853280820
392151855
336766572
562516376
836378397
41814703
826330477
70561595
586932945
511109935
340875928
772491084
400839096
784065115
958052874
273574643
899132688
768582036
390000179
382874451
537071842
959600614
721537159
489953999
781071420
85192687
71336997
668521281
876079428
1232885
374665864
956722123
929332516
827394121
410134064
986291688
129876317
758976261
233528192
425882153
182761720
126943508
816715357
119369875
104031633
547089288
786995909
467689107
54721158
536162232
230918961
480749057
811958713
868893584
965879353
50399862
221353212
499110285
32824610
730478476
751284472
817569441
354780017
598070487
296207044
819004129
109938153
381776267
137983390
804447970
846670215
826602381
472557110
158651723
323539290
397869755
910562503
575889850
483394420
663121412
646969582
623373699
500687895
614432551
614435336
445661101
999700916
464907122
451149141
644824999
993423383
61745663
855724282
291786582
894076466
571471836
213825168
709326589
792980590
906217621
874082485
145182253
686570757
947022350
250412950
955762186
164384719
782656438
925727860
131937513
391961471
300419674
35412033
305790234
775576966
746694050
590733441
121939306
136024851
605885118
750980466
583066697
335261498
941021672
822719804
683599906
273340743
390083830
424850198
28369528
824953514
339602334
544446875
847770709
326975102
499849693
371725496
723960998
513247198
610784677
859404018
743494576
563547067
319698326
934532771
703219389
74111419
223249875
497348817
384069655
41601740
569407711
585366794
940516838
296060102
407981402
940846583
753967884
526873864
879328809
290704839
991515472
65333256
484955140
790214119
875471705
754941681
314721334
671436840
785499251
533763713
365005150
315872897
718462816
139934300
900292658
895486217
959054272
640793681
745328251
819968321
657617131
177369949
982250635
429272611
164355582
449144293
631348343
383213334
678330390
469866591
957563962
743994285
985513877
74930383
338169243
808266182
686019208
516380409
498756472
823684559
452880769
345551786
51602595
87553708
83012647
148791737
907444609
854223176
657906607
702481535
361765255
521303123
243069711
774072082
640960106
785960068
640090164
281110361
921498329
690646752
635628475
385929957
373782739
557335565
542754810
546096000
527367892
851015819
130212878
646747259
179140803
642857632
15831103
338204843
472765196
952640896
445993513
208782064
546019808
246023300
981521038
697422544
980632013
417828215
802319071
843027691
982952673
896248009
172664513
367149268
887594549
8782577
573105391
874782027
902347520
428593138
303823881
455584298
521797199
605099195
151289402
886895095
327742002
326058591
341547775
332943819
893485212
476648328
289125544
644826980
721255866
186433818
102970687
476944726
900393144
685428159
895922557
722062224
889646318
639177257
330850119
644026388
239253807
579062911
646888868
360090919
494753530
382520741
468338427
440071351
110250218
948974767
785075086
684080753
167756450
136971936
588231775
91925024
602990870
317859729
182972452
513528341
606541912
218614497
319133961
979803476
860596462
993949089
71146394
656592235
321622817
124082151
154918156
280717495
732744032
983639779
838354641
757474072
888424004
988809483
234064940
894330167
649022258
589428411
960919690
478128369
662387215
31138786
531900301
675204252
870709492
536685379
428695686
38745546
918229391
127088873
421452608
879184739
112093920
770656963
790147
915866837
285821336
474068322
727592845
646700995
761713040
644184946
246271221
802653762
172536605
896542190
724317749
292061988
579397466
76984795
603411514
772748959
585553278
722637795
6480755
145357143
796761887
408925045
625589827
957329189
397474101
317901714
804971023
702364438
6793810
92602068
172792439
944365408
634763289
300896731
108286081
877906414
92448539
74605981
554725923
539768867
810881088
185054002
903638955
229383835
714666639
700225008
534873743
492016251
674630010
692172301
957185987
119755795
556987978
242937174
664399243
275010942
999109483
265182742
815656807
923024144
606944206
707889766
630617910
48351546
197808441
371273950
130613293
540319136
243669391
387668570
176832142
469842892
621748218
31199218
981759610
690972308
796676304
759010440
678642027
121998764
365220907
636563744
607170790
670501624
542503695
700714334
646415987
932449704
287551167
524116608
836002572
526223000
813947666
685857503
264425432
117583273
744442259
964548698
563190572
891241387
10848123
555525083
574217878
859408230
214849934
193024393
805842148
38863639
821909037
716612903
63123323
137548139
607960562
859651318
237469642
72014476
893789102
122864900
228358950
881433993
539732756
810319106
608908995
546025899
516707176
196158056
153017569
882179492
279594520
421814621
133713034
238209474
635064687
924149385
252295510
709286681
385270767
809847682
741004069
223909984
637095033
730751014
126635982
214243715
267348894
104597879
80215704
896277988
929307789
357500994
893034255
71240585
55072874
645619651
299849129
75787899
259503349
916749035
456571294
204642690
170989158
386419327
916314443
895567267
116391466
481677904
931312822
883526222
964450503
18744436
539122870
719891978
304354934
63532816
823031088
725493366
602616633
327602107
825141059
955741200
968657500
593032677
645776917
845149410
172473452
70249993
797313961
251094909
929402872
570788637
360149947
907037894
608525375
235879669
582208078
238695940
171809538
380656944
393185280
898494022
628198105
887439049
695922224
680287529
735873897
870304661
28095044
24790576
330622039
913016911
239358211
593876415
50252022
694868387
636673733
247114693
494349270
921439193
751539210
705360603
963198201
92437650
567996454
633327878
895689989
205203278
13608850
355899956
337656183
214196248
504109555
872125710
161736871
163603054
796339415
817696871
98106915
867406333
746733411
13127768
770778888
829874090
400422824
823393314
43534321
546021627
208567443
738592348
817688752
178414839
851513394
998079596
573878513
921567697
848607783
246864613
73001039
701616344
780936678
797949301
716603646
546028814
912958301
133330894
681780856
340559464
348174018
505923859
485515396
378832425
620935996
491565891
572015699
229815236
42677722
812109311
655720920
891623906
870842120
825523618
272146001
873810523
840267128
515736871
496631900
927375749
130590664
263036978
373482642
310697655
983301100
925277972
869169142
194476960
925456177
991554928
315642536
539393373
604017831
604713522
363834978
261799968
238523188
798960243
521766208
986428900
516878129
216476170
833077542
187343929
698989828
95474971
165164094
71479553
768443689
345373450
754378814
460904867
649298545
817074712
10171089
993918874
952267150
352838714
349756120
770324638
54137125
166496927
837371723
707468803
871466057
507145856
282874604
211222305
742673549
234842552
936991103
675993993
863098163
862762865
56725989
951713036
659958520
164934239
34129621
410714933
986150814
620808320
942836769
36471209
644249810
667008617
795652207
977591076
318902469
992614006
387226770
968595996
744082896
377984039
760925735
633351791
811609735
909685879
358846845
943089224
242232652
767459311
137230998
499629449
496918585
275894688
32982280
122356889
363281187
36763013
405558478
716875575
373093763
841516604
535116288
141997282
107327239
731787020
93629955
833217529
944105681
193783297
210005785
114240198
774442823
596001959
390370806
278139745
225809421
804889927
26229472
756753325
522803163
526966354
499690663
646850129
8895785
555948614
278226035
916133416
737986260
367805285
761312906
178418778
306989623
664163986
705848096
678251442
81758724
664548468
602526283
249252729
212216008
480546491
515715369
461722482
835734846
450881699
327114756
923197032
830750123
196768202
559158277
976122658
558616186
583779685
596354502
600528983
577312036
102304913
98301106
693176997
135289260
146652341
211849784
590338942
870262866
666797386
174841569
526993648
11879227
961050694
471112232
994267683
187904143
387603686
585341497
748521479
782927792
303642605
934170907
634296829
521777477
38803573
862351148
769759592
325183848
512082563
913133285
883265458
494206977
685455007
462447469
324848903
357065698
281563902
376500168
164012543
795022152
585691882
570274436
748027461
643673997
103255814
246170292
571521439
136344363
893291158
541931427
502532775
64304894
476491621
257453247
542169215
624515185
894626621
31563388
849885945
412733136
238488825
651042118
745160152
304690369
366465585
271764353
565593990
110105226
598545518
970780083
403449350
646318393
524853888
811413718
905158300
976103032
238071785
152188000
64938875
906667905
950373599
253822457
603378727
826108573
143478813
904102850
439455518
634763690
821346943
183574289
550294359
940420987
675862474
109409683
292995728
59536079
764098964
522204627
928703632
386147036
749582211
600732564
547949899
743684050
638180569
10867933
21057942
763206791
891250110
203082795
676494727
678697580
614492603
382401934
597624528
192966457
381309131
377845535
194068914
946680114
975540697
55704953
783165933
271330623
642293504
151118706
560824067
181057329
169589698
862100434
565984917
267696515
531028365
264300947
81169214
320953698
784275526
396370538
661035270
66993158
216439793
645958126
455003875
572963646
270271401
74398519
267900518
224098661
880310432
371380789
478961264
69239436
441894404
874867367
374794090
28249141
565229980
249877693
21959681
442263192
9077441
44220075
651336082
659623136
112153873
59733411
806586773
424365828
653920711
752094629
645713284
361105654
279397545
236890799
716317874
624000924
455075848
798704689
955930752
45306312
815557740
515801931
318296220
830976923
784504993
996144723
280214714
910226352
470766371
619523904
42379367
559296330
153696061
772356149
768228202
446539620
673846523
601018766
989382734
48945905
870204604
879498886
892612343
685272899
877354237
848749586
654927741
616927168
780431661
827730505
139467813
656741319
378153771
87047524
950028564
73011815
820836101
810902990
176742519
809914866
758088127
925357583
775528116
897151994
577318994
442444929
801093134
575962328
957470649
640353499
64720404
13170676
561306639
577704773
886639674
350539329
393537606
911045073
646972984
287302687
451097904
863288616
763133877
916457408
466665697
169384046
504889807
330352254
118330625
424433738
936413682
731691431
259072512
77507437
998531275
788678265
861960863
278217003
830617702
567252914
223882017
397640058
412434957
71913723
905937874
643404984
279485123
695277151
186851212
181810769
744656888
384271208
881796721
307010521
823168027
199742387
38718163
775919807
1780030
1481465
713679517
603128209
477334715
10559523
83045681
606327365
389812951
966857551
50835336
361379159
532944138
946341225
122598968
97016401
698128409
767672273
151437917
390303140
117923151
391979567
16709640
351515457
862068047
96982002
911599330
675294076
706079818
234231681
622742558
426150107
159565988
506225191
554746835
491182639
493937596
331833180
746696013
119824434
748120669
610369325
349069235
56327515
582776773
106229453
971129816
210416781
280670835
520075254
604528100
188084736
201021096
804835226
3029956
979006798
152408146
344293248
115968253
658782261
781209090
610803099
489882528
680533662
525285446
931900371
165151039
596834832
566141144
51602092
89143690
343118111
652956285
502434128
172072904
329391910
560394974
93277534
944456483
908163788
186107845
453672601
94720902
520919338
66253664
898083943
621379414
259486182
76625998
427756655
716455804
326373180
747192033
470252865
986055748
132100263
418757784
667745075
31502545
548131980
147418645
317977940
472166525
239930738
66413139
802938806
41566813
462611532
862572334
819269798
674674398
216591644
147974296
464005812
410385622
65494034
104523691
195153662
233279409
124514835
663457823
547883332
588058825
973761329
232333504
865752891
524171934
355089694
193600834
527629681
213297519
118229737
931771731
493121983
765582046
716109262
376419464
933843006
829264423
662041808
117402112
199262872
760788636
382700740
214014271
21959755
207470305
288578124
304089137
288578665
651665683
174051172
460873784
683690901
864229674
116510099
148885588
301089304
736507118
310621901
314653983
861049312
675467928
20222540
99610505
376053895
617785822
405178215
381388048
77866923
848211297
60592539
603028924
715214824
688666312
945843427
419307296
216395727
890879915
64119076
123396343
400699039
241504778
940519399
678930769
335531875
639543460
127655543
301232414
944682218
287234159
709398402
751807514
152397514
843587837
971505183
942539922
726241852
511446047
35923942
716272138
790460289
291780462
615397278
170286679
905395573
661145223
16441059
25800810
535065757
968510758
809869715
992819532
495141387
55566745
984909366
24031424
631203270
270021531
19841380
747981220
19386765
845109515
831434958
190238204
608521190
881735960
527665638
367052408
587973873
104354366
882010076
220027600
225052622
520324018
399713975
169242770
279578530
838298741
261732283
828248890
883808166
377941156
643546676
945306558
439080790
505354097
324907674
724589438
295337479
771111205
871985256
417959666
868075364
716316256
302825489
557051168
234556779
193014461
185909126
777126748
915510406
355432959
793624271
744481328
471584718
695481002
789356852
879648516
160013505
487856953
98552580
26557215
344024370
285778371
58520100
875930911
716284022
67187012
695060025
248101073
982074386
813321765
400476255
480119398
195001251
637463339
329537235
364327957
898047689
642723994
258013443
835733201
999018167
935897870
311156179
904605899
508321395
262141498
43659544
945295846
948180855
545784060
593145058
164534291
168436941
859661780
619034578
930349968
190934012
523444791
138964826
209622949
471014741
815516686
174903659
967345867
982943253
228741115
888237179
368580902
881342981
4195013
12815527
605244887
191285226
425578583
360906676
270200487
266945487
778066999
780969482
312280246
317326882
87012011
568002488
635048924
515128908
512922298
174961354
522169497
422235555
238963564
433498046
971656081
226454774
635862130
978316957
154174387
586131814
607233108
374149707
46613709
422277295
127275313
588229286
566755407
435217346
794393858
32828347
498978012
310933089
591167015
848673527
171169939
830780488
206330405
415740601
251593934
419864320
121898051
96081766
479214404
29802280
972590241
845069312
435436152
819902068
360431675
812017104
188412453
498956267
660384023
205945528
387788308
743132038
329473831
172794667
18302726
92115570
668983810
940297206
911058560
627210052
864431940
87754855
403081333
486051073
809432623
120002624
386256131
506690049
715906300
25901949
818705740
609824856
723892719
717909273
523630060
715872676
689467306
44879031
476668308
300453364
479624020
887661837
502697945
67877811
509760697
956757977
351999292
570735063
884498233
661915681
4869032
31089722
448522160
491881094
29660705
684707684
814118232
983395076
174092535
936818846
139871617
654998778
651343951
702020461
115026340
394388194
854438687
920969491
421296649
207205406
323785750
274577050
454149228
27653733
548246529
127698092
485023530
352683459
710068423
257125192
821541189
765346840
414449054
684491943
102013414
261023705
166972146
128039419
261651616
562454804
283912844
95793649
189610305
13897067
714298377
307363490
807756590
967365814
107105944
996241864
533906461
929111643
326185203
206249487
524858516
814576886
469134229
654794169
49179987
985596111
519786924
245250872
28271832
913179870
808163138
227443292
559298407
249608619
983291741
138497073
838276879
309647277
755468158
518933141
719771076
785478018
33103010
456597522
455638061
364572451
578834046
932826474
364172359
523442163
19111031
853193330
98446504
450401450
55749318
364471320
254946564
952655761
407333971
368395149
627661489
550826805
228819089
22858580
946144669
309198122
160808020
906916043
306888981
422396127
403045947
555058554
224431972
136918915
212458492
329528531
691349651
265021349
433105052
390869449
384744815
713217900
277785098
593545253
121652840
40457230
818466269
925506246
418263642
852362387
990546235
31343039
9906993
676450506
375192663
14603592
42908669
25703990
361228639
165520473
348861132
399143937
285471274
268501725
390353538
571164072
855940367
425099348
649186020
347452291
139408641
801729730
78591386
3615066
972466587
749250724
815667709
440510101
178350101
418795750
345376790
83292688
50579259
343346618
310000259
192923885
324958472
698839083
895406175
351131870
195293322
786708662
316028437
802444288
742514264
79394409
122888252
297927032
614613585
282245376
522705296
370806444
604376151
833463696
411195201
198475156
377418063
85240031
570693606
560869670
474266977
784286672
282574309
912367913
582475087
51871356
170454118
341820392
199027150
708646022
273438864
629856922
196193053
807619705
392827783
729085042
497703826
642238827
544546189
624224014
364553251
251531550
657533032
586732466
494320859
719591030
400409704
561346211
833777785
984385554
500663350
627528193
286401044
756187068
88581032
812652925
224636137
777123708
289184394
719435735
267288752
511932084
476977188
519430696
296895509
380481401
668593989
487242892
327547623
462759477
466216954
864438607
13271629
817570554
679322407
984123862
249184517
951141838
283969629
121055326
166338274
798240298
158114356
900330743
576177534
786458645
129608376
570686527
567205332
47359951
252548234
374840861
995762420
722619399
989999478
305919271
311376758
148739400
620012194
980669145
797158291
753036193
831047850
269917723
435051394
972222280
156870682
865687582
287890132
831985019
784658246
621812412
354231128
873557660
909219147
348176624
142592108
456590438
397060638
663343037
839352475
634976271
153538692
489966190
535152285
525113541
481987312
113772640
919759192
548967606
503726499
299906768
562285913
24918447
630978304
478098788
35185134
138574543
300391909
256543880
905101000
397437884
973130845
617845202
955518081
754592458
468972125
781252037
894946451
877653744
347897545
404225105
475466875
693380101
495135555
141717084
150809631
712053775
657077123
510225344
657355719
538559821
159104862
20538676
737756739
921720907
795930541
981168195
443121100
145705042
194945881
644857412
359385991
196157025
228394467
212565514
785688324
61183209
96532590
940293998
441990119
578638306
967653050
359587787
60256227
194642712
878812424
646120584
94101297
835344551
450868061
4228356
407620201
249202654
721160240
708467276
832318155
788200246
555656508
114250996
834515211
754224577
69023340
554499596
652791083
435310435
795943898
942266760
350062064
542615648
950724004
42885502
497468632
383069741
556110386
533793870
152751735
167933047
978200045
984503383
415184341
970468245
74886105
939912215
899004145
66129665
743627979
132225256
749889903
478813196
774241047
63131854
382189303
232601507
98287431
449742209
501817139
989030875
443553900
304352705
530100342
807267511
105689509
286781940
602077825
773908222
735633360
824300441
489219494
238732809
297905890
811701057
217186946
594079158
408704424
284581415
705719643
633156768
232199461
682317626
357221555
904255855
757261317
391507238
335995633
484267465
244471409
471982245
999803947
770150496
714727701
430097478
23621097
228034554
726703699
810268764
661824436
246728411
182153904
246176712
64978112
968832802
217489982
546298544
851795574
74878758
239719985
811240033
252408559
283498881
87911994
497595009
117956232
816284245
31602474
587768868
231587630
225504321
629432589
508498018
470720502
965216705
279801727
401936828
38921480
523537832
906140631
609550405
802792961
151180642
578815875
426153089
595122589
497110517
820596984
42901870
556248383
277772173
850586422
175648622
322717971
396367827
460694953
798658185
293100574
330816118
597929587
131318417
728096898
714112397
944362558
93236511
14361536
632789287
884706591
715290642
742806415
515112222
659598098
913170436
42318740
520733349
292275101
866201497
854154444
981088969
9244519
346441130
31734876
781305937
454303138
387912339
571781856
179351484
513072177
928293876
207900963
689314011
155815817
578413455
574716465
528859924
394153626
639631988
242950302
165018774
397384332
384916695
962523422
559576202
582178144
513462991
276567311
390696750
271655682
476646950
394518092
339276786
403267757
28504716
463201817
208386981
976960676
178600331
542609038
376574183
94020607
598941793
85125988
758449556
801526840
167544648
206190290
899713761
676921530
505455839
709147612
112506059
451861896
195795666
641603672
157782872
664923831
555035431
84520001
104527779
670162537
878810377
144043472
794289548
524920245
605704794
480565383
170282882
688142320
759396374
686377367
402638363
822985182
847192924
944755175
768049034
698461520
444344203
467209011
88851355
498684392
389697687
525467113
872443274
189980875
598547396
549609307
238952233
771412259
280282255
848365772
108416265
689350205
977182688
382294921
716752373
768630981
540074034
561329577
323903354
178981967
478280752
886634167
402347467
84049978
195319075
70073949
787320182
220248833
406025568
965711946
322453954
123197924
561477744
675096825
740035901
600783493
749378398
745787002
620784709
274503833
231930274
690299319
734152366
146047893
301130105
595826304
269983754
655917751
321493589
374610882
42362991
187878228
869243395
987402920
736210096
430265607
519833662
540174859
439360250
66501040
665354376
555095349
773281071
456946879
420990412
514126923
823206147
957554843
194560617
296627784
145355926
353247776
412615020
725725413
470275253
261940773
616130725
712342389
355460651
875456705
132152322
566569172
198825265
773864799
596528266
825196209
391725407
898132850
127083752
328865048
353945308
851223112
134150648
445326911
94026195
169292762
892479133
965183771
320577558
852521373
699441438
747333089
990792736
449943905
901488416
132869499
221503034
175807534
304542350
213766474
359064825
608308190
593037284
487244871
563627766
337637063
793408989
264934906
820449763
732242560
535873353
469979974
858600802
663878406
726322233
442966508
1453756
347777780
149242501
902470203
662740892
329205621
721984948
847187082
658730489
387360641
427857691
538794541
56443945
678414179
15901553
628214268
198110426
638298827
92455446
358802358
314688700
990234961
295495739
739773609
700844638
20071795
467117955
789103380
407953362
103110582
580429509
820093208
411317335
188585051
170671607
228212057
16801238
612437203
30844445
28835220
137551566
646109281
401855545
221824116
943588772
670064073
86754004
900874009
169152835
747559842
196586672
385179627
161194630
769382094
268573378
794832337
126905758
736936218
540530323
701693514
251363855
283121785
301781332
312138520
624059133
222155057
631318648
140510961
654206383
936020050
967966198
141469066
741405146
302174512
902141567
630371761
975584542
840804243
230016043
143792852
96578747
897221647
642067956
303144196
580569471
203481091
730970834
134834465
722573514
701098735
178337536
577615603
838841698
312707064
724062231
744625897
61290675
573958346
621996779
92603362
681856432
968055890
855724455
937917355
125008237
124601184
120634900
718176572
581789449
73287929
993867499
264569488
281977511
693264672
410608889
874755262
668724736
723265216
470461741
675650914
181924600
939034391
216029279
172080569
465240407
746945046
690490853
788816487
53054779
760424496
702911214
943525813
636494677
333923991
48587705
815643305
974227949
333337321
764278155
595945041
229109036
68293377
490175764
973953021
754293718
637526438
385638397
821232116
103591028
421106235
855696320
99750591
735144924
960851509
720137383
622990004
652734410
511544861
354509666
346261136
175868770
520027311
788821586
800186501
442379718
736917141
129316188
311648185
872445021
517233394
913832581
999399163
111113627
692898894
892451117
672348103
320761038
663864896
90982717
698228791
721930784
657978520
42164518
415557082
40283748
445869086
513046617
514687387
771577101
799849316
500005901
62258641
641548938
179526279
366235541
50843037
232238830
176533887
749690652
851281129
842698594
212197835
839704477
73730772
325437012
551314144
203333292
715226300
918617311
459478001
11574624
212514981
209432270
18079415
72690389
20711584
789099
838350432
904836730
508115558
399140146
442494318
381063752
468220249
236816252
55364280
542633601
89986485
531502580
764427024
615772365
250955199
65612239
639508807
274802863
974462141
39456374
278367695
791609303
557443727
767600880
71379544
996193908
480063190
404084826
111105848
372457729
769242100
8824410
353393067
132155737
37380436
917234039
249724548
581247823
252940409
313683327
390221537
427725260
234631644
305820704
638008327
117694374
474769698
273101230
104282221
644428391
784712831
144253472
55650822
198762519
276464922
823228182
298031233
242239109
725542148
712835359
722187187
138566965
542638879
114366429
892974858
4124469
572720993
847709914
826365386
392417825
162773780
330622633
324725825
346736345
332013585
371859217
471709538
103984018
145038739
317861072
554096002
753193512
248872777
896857075
850317552
715052980
974492973
30852584
366131021
362530487
923216462
141526088
809474359
124123284
824836100
620084361
372156418
255272355
949885470
426342594
359451084
213074523
30718474
444515959
404318920
385727611
558690432
671378788
85899605
300416679
306726057
418637273
797770607
428973894
822681645
50766639
876540967
225128973
559505895
880504476
392557688
34144259
879252531
438113535
849385204
316856020
781099818
602000274
955439743
105504467
265913852
914994903
878509187
466236932
434405565
653385125
121279312
768944601
911052396
908594357
653458167
873400804
945786072
581276373
884305796
623891089
539714419
974757244
779625748
823169856
405199257
762512600
131471669
729278070
255430698
849168775
29506091
12269293
340822149
855930749
703283107
527099813
841326587
152063221
488501212
536850767
482994836
989903945
991901155
568198747
887237056
50816004
4005287
637894152
761411206
695558218
141973645
472326444
194273253
259965773
42776976
697560126
389835058
623906647
506572137
28147726
34263664
989658924
789149780
781323885
784221710
769709777
128772206
718740873
748719555
841204291
75419568
228728139
232976786
265691444
668829471
244279723
860450897
192371069
525787446
409851316
692185445
807809484
377567815
805966271
340685561
315258340
116525184
785094743
813996858
425601089
428510330
13915172
925521140
326009887
207569527
832650383
332950311
621192913
164447548
286574395
407765293
78343273
984540734
241018503
232880877
866386315
588551609
520399053
643697087
281807520
165219770
3202472
696144156
69298453
735809071
625878263
609008367
450878981
770807648
694715704
697251150
900360267
397459134
249647719
214160761
772450351
739829452
269293559
244605893
802042675
39288096
632303434
746620462
616963055
171334676
164210852
696890040
97502634
654044948
87664955
745909514
212378574
24084525
371363397
284740151
860411041
718907049
31619159
837138899
950379576
169705945
400779863
953714987
111544735
390838910
837308525
549665241
900637030
800331149
739988008
911151714
467295193
565851162
48310640
429739567
371674808
325030526
495667169
807361424
581066824
452580854
642588456
819493072
775808565
54385847
393276723
310715997
590608069
866278272
107373658
519331436
630831035
168839746
205858006
946529865
312638839
536199576
58778319
176785783
262561157
693996544
984965028
461241796
110708111
337568549
19812806
652094933
660069790
464838507
174687122
646253399
203035867
508684880
756620736
799270186
979340062
350860730
803984452
509882589
674163793
594420420
265124591
71120401
391315731
335416865
473065168
921241843
607559561
69258938
98908386
107691733
326736231
395107009
776290761
366452607
565889740
336198941
234046651
999802919
682852408
508828102
137104009
255458808
111496768
72253226
77721738
232833602
226062241
541146266
769731709
296803955
181685676
696942846
544854329
410649709
249701178
190939562
627922211
818087923
911746607
77097268
350604788
735526495
527667007
673798725
752735573
551421005
933209452
449436552
796485867
877156395
742254517
315462481
389411960
326044469
265647265
941825445
363960018
302305419
858520501
773603125
607601758
314388330
667415413
4753343
371777456
356408362
367694967
176567085
929748644
963188677
714033740
526508134
801943851
389369683
928599746
70214288
649174689
507888425
932489336
398676010
154089407
63458
698730986
697789174
102424380
16396929
35557796
823013393
849143848
37502371
565607334
802795297
149682260
237385461
672311210
706401164
270604681
341372295
564180941
841134477
512586695
138647125
139301374
77505482
5318886
330605534
997553704
216310575
420520082
912651321
181477094
576933508
225581029
455892403
165936495
910286996
224463650
399274460
352714709
722086436
440483574
220507360
152734447
672626075
251762782
329790178
402911307
828576287
36838005
943552471
816836636
751827617
195656632
531553859
811910407
181986965
128618170
690697561
996633878
5322856
760183603
249417852
900100197
296924189
238760082
829722947
943983601
108369217
114082071
37765319
911344724
874712909
248285215
481647239
175286127
497130292
946563555
256152206
85978752
376764933
865097138
732949228
252031953
627514525
563343338
61898421
19917310
967553523
588434177
850369467
484625000
108885150
513071367
934570825
540501280
949295796
774843552
897003699
190982037
280542992
692314063
190152242
920520650
709857816
947675317
86876849
935353862
838922808
741495488
646792231
498927430
636061336
934477165
934912873
123009097
194732907
814714132
589386933
680070469
406485213
765304053
760192299
432866784
341806841
483109390
446836882
842854794
571018557
519839351
382615875
832859273
153225029
614459611
143683203
907048343
348836785
472357058
916569296
341752213
185303246
560951424
916924211
176029335
132135759
950937458
409910528
276343754
266333956
882567842
499165969
603587767
269873290
300981348
702577857
454410413
374505538
135300472
960861941
816964908
323931335
222950855
286343279
711462320
568213516
961398965
177248411
69134924
139526280
540397604
135712488
133315925
22016978
833128653
839683944
790403098
752358759
146721848
449699229
606687526
542782399
322015124
166452686
562715424
366908535
477738990
995178354
646456292
293096185
692312330
984692883
149644658
383444014
362012703
274748512
970940789
832816296
950438584
652963563
680838236
725730047
512046705
55511920
965478307
4672363
221382667
373063883
211783761
527081709
236810039
889905265
999791610
636112797
468590039
800071199
658068088
569325837
179703519
135692322
546073034
507136425
125596987
501165495
537876348
737396145
15957829
639455452
182411196
542635285
165688335
736659348
47297563
151701825
79586556
686399702
860130842
727814230
500112177
240754195
740073801
571073564
832400270
39009781
263811729
816542093
365892873
164895208
486750167
121005024
936220560
888076772
699197711
505028210
541041402
113198658
447753200
395071841
444315759
321837972
706902521
377007154
807969939
247277198
510745588
501824298
289212897
482449847
518764061
591653617
75175364
766890082
14675410
685113875
811423237
923740620
548894320
981738413
962764208
683196876
611258424
732727939
547251554
810165601
342917343
957075660
459149361
692994784
799202253
506370912
873742148
504114908
796583010
367100245
464256672
135171287
7301609
575444303
394947367
777199800
998889660
266453757
648837398
464705341
99604014
117742063
146087256
350870416
755043955
348746113
79990247
414901954
829165807
962091775
790801740
722694250
701031645
666199179
489754603
35146509
76488517
891136266
991579577
266851281
934268237
136667750
896644306
89316789
674546000
96864283
44581108
410878226
253743871
254572313
529249189
879092182
244383053
987162933
687454678
285420947
428272034
368567076
646539383
416751160
743586544
378578651
712379377
619730614
392897021
866305812
901265214
13649631
364500370
478637546
646449585
812865771
911210406
615457133
350853311
773424373
9875924
960489993
297649616
49039038
35272080
50159866
84457402
183067288
820720007
863308439
407049557
45273724
645026708
363398265
705330026
980367806
134422475
13781445
996486226
520512198
455551804
368315860
584439255
742822299
810816209
157211025
255875970
757544434
143168912
725275805
884262303
190960960
79642299
11134451
975438851
692601686
660394696
396514651
840945718
28144133
934963668
10055708
595496567
812186839
384904065
386525519
688529669
249231672
630390647
596785872
920139280
762689526
479122759
53845738
910691650
242130453
13552353
534055748
420939322
985560673
724762144
538713046
213472737
679076725
279068006
859478153
843022582
879297684
140554269
141093542
726707339
148611546
216342666
787601303
518191164
959218062
891640559
804873603
462385217
714559137
181832143
74708816
388423738
236975801
355512817
216547087
984932321
104919514
834992188
105185924
247962817
574001460
722100543
410518180
581404856
31438344
142947355
232685516
123330997
76523398
174543864
188179290
958848751
219718523
280985247
714991739
28001005
694554186
522386696
104212505
641584552
90089553
834302177
918392909
552077238
63202809
140370077
251102140
792935570
671052321
140996575
335539571
877229261
281899807
203700911
581634997
143924891
249968501
707126798
360177593
843250553
765599077
504616673
49204007
75724731
469765297
371720296
692810257
634998614
521746620
585261960
417019987
673149364
65777873
302941429
713257360
507105334
207783082
528338045
189875325
743240716
203453325
966195494
149243404
718729375
106173484
509681961
755892431
376003505
425491638
920766889
894561020
511755083
717434136
135876891
490728906
613604612
546100644
673659614
886019835
533225297
16353240
665190999
273000385
189859214
440393530
847628633
535305037
576428223
542578303
441587131
587221133
103583981
568559023
604960946
330033982
894941341
403969993
259241132
149351480
997405491
247285957
609385502
867713229
630068143
959598690
918951829
780080283
927869788
135025456
805561440
766962460
84486309
418986480
938021054
72259653
133206862
133025558
948914416
612285796
673558726
845173965
231627392
251448227
831861621
920674652
128161104
331835098
390641590
81417788
596412640
512308380
917910720
641541673
488682288
182023897
533856624
934801339
995945288
28641759
658742473
835602549
986975232
818514644
259177269
544767679
972920644
781136665
145884841
573493975
284736383
770016061
248311514
240560281
994402528
324439804
301624314
890237125
825695715
999491424
409746846
348783744
174106787
623954031
702066337
38725513
729144392
136792653
67455599
350773197
609672176
132802758
341545717
787372733
381167687
397399189
534141826
509187677
523059492
350690765
733803272
971667409
507915459
163854657
314543589
584219338
498665122
208930204
422102793
775984225
74812748
699658400
439187413
542036878
376430515
759689670
53470211
769851473
571433415
489783033
590124430
221558177
776174377
812563253
661494660
551977120
113830021
257653210
747560576
770373663
804569713
357845564
697638943
965686972
324433474
795334883
59926011
286618510
227633138
843437775
652764731
241030039
134206293
361848381
519811721
510818322
279289217
631098794
818585628
91657813
492553627
553932687
814334119
600209528
320517871
247794745
853019042
748685694
467566489
234252398
410871229
987762267
763788240
369188989
333915627
149096388
372492002
313952852
537746876
79110113
33927664
824853981
412402878
12846650
363895718
929633024
224322111
72817540
849269789
298575333
10087244
340690318
422801427
829219831
976085914
502892611
775871102
812157501
743616965
943832125
752164165
586891540
977720020
197178907
832780511
527429581
905615658
976878372
402352448
604112060
940745545
221237315
907791906
878688766
382754443
87152078
370886059
722001937
842241881
34554804
880804942
556608079
349738274
716291790
513496060
669685954
837261161
524393938
645864599
404674044
942239905
294154828
350643968
503921286
569944382
802323385
673145396
860509046
882322750
550397257
256957388
657224226
956978125
649446292
358591432
176972163
206651728
935704465
580609683
204877566
271913577
278569909
171618752
291721351
830798949
192497807
955491579
485614772
20002407
645036453
530231842
878958884
672208964
444044286
441092931
266441166
660586856
882661733
408101381
813371052
449896072
781247866
153333154
228966367
707714195
567204639
909595666
3812158
80704017
218002522
734149175
672786341
119528528
417017147
436453472
313071928
799966206
58838723
348470056
980867434
173125756
729001066
613731385
70104508
748662388
176696605
894277735
572548857
213940262
317724308
842853999
502386279
789675566
434010645
764773673
781694127
767364781
976526026
206040633
268608797
742510707
496892210
811241501
340686068
505187646
511666526
459077586
155702217
58844639
590047919
121016046
925373978
470564469
214054435
18350223
919223616
200534323
319173337
847039475
521745702
782624110
227810139
173244513
192433718
627218525
547913037
603805556
212011362
765441595
650901107
236472951
366924554
352405693
458079683
879063397
345949570
75993459
360311244
982575117
356449677
484948692
344676307
501472300
962781032
941843822
492682999
518788410
195647604
37064823
401367540
451469696
759498479
61692271
231097520
682679844
496638217
550567411
737397110
205934436
863495964
70547500
49634679
167375079
889010935
769733006
133550481
366798030
160504581
726173407
849581404
837916183
702512497
672236113
592613079
539576728
953255774
134587203
484633265
121224931
316781304
658841115
568876091
299867659
281957415
399771888
17160859
927343758
798764284
598048929
871593430
614172553
324581946
56398251
673589089
291071808
675991343
723653694
628894964
265982890
913129889
524234381
874163992
810808804
952671516
91172646
371512710
678880611
351446134
609053474
900858335
5364819
765613972
413370103
249778255
25478870
400830455
767233548
736893772
909689294
398266132
615604348
632701197
664347595
511597770
449875465
362333893
586918005
723700192
378483958
854540003
756638945
121907726
347148514
322429090
746831957
531168397
268327979
672128214
379948066
119597251
764705567
698870694
329767524
605886516
795182131
75320497
579014859
368413781
681392691
708838427
740212444
877993983
883651076
453274611
571192785
536960928
261110853
32701762
395767608
434178263
793564539
760886922
759181038
336832414
721570222
628462353
394849885
694240054
485502942
252550640
294336755
675824176
498810341
229501242
400456535
594914993
790465994
554507545
680954199
162778577
588742282
941921144
287507091
194556609
513475479
332415507
315218217
862528769
795601698
358750645
707723873
714824317
777661348
577355683
912109543
192575256
372084497
390503726
488707652
669309321
498387957
581354825
489359853
377540828
197069685
575064576
702810246
394070336
866235192
2599707
949624784
933114050
204216725
974594237
316601183
991340137
113156955
30872228
330363447
238105584
248357584
893132172
563170863
425202959
637897355
555335330
475483258
371405678
976486446
555792416
567207952
266831880
774752730
409651400
223629256
40045202
556282872
578930525
296734075
376914349
104025449
223516434
205067358
605226693
307487026
530384111
615574170
634183099
223023256
145044755
992431330
925105932
380078374
129866315
67086194
671508747
323215723
715040676
660173562
976268621
628092081
671818113
32369161
464799433
752167200
472045039
773380048
990260817
739040161
66501931
75113836
534991933
978123463
446146136
448680283
147195807
496287215
489845608
610455685
469707724
20637061
559896080
408303105
705374222
775363437
8522297
516635031
448686553
462374192
96275243
882899811
814018188
505080363
703978460
945964649
465899127
615253741
816498960
809576210
155634429
360447654
757598685
385550356
981279584
278326923
14562244
18645573
995185267
396772006
678922602
968405472
806307492
795313795
780769836
5934738
175160544
182952129
359805746
142045331
130208175
796470712
13100451
447045990
88807529
246866491
919642773
64343333
727329226
92470601
263105680
825797588
688189980
806883393
370248008
515375345
551290119
677235763
332145527
421136160
139411539
830905718
973714846
689174573
117790932
692170707
644114172
425134504
824252746
437995522
792552108
960764337
305505200
506000332
812411058
149258616
5634991
537506443
338622014
611531485
463271035
772426606
491764013
116908099
623738808
386784721
415880985
539948514
1833670
442074679
559612654
337304428
370267946
440882437
221651065
184847755
969681671
225707186
907111883
209121832
400264766
466359380
522126304
244896321
465058111
932443330
636416848
311825882
784046507
396132768
250045010
290615789
120017075
439727105
258762326
808505200
76246097
813466881
185935348
34235945
307434915
791046880
566951011
306051984
184605191
270577435
479068305
847867194
168174730
62916340
216216782
796867384
58081213
870958387
640228636
101921580
33141652
194384603
689030573
740838063
581994238
674421627
295640925
33407646
323755509
930351166
242268038
437150598
467353587
519972870
429864509
147669712
554406566
394219107
639259763
582580684
852168117
804029834
65197527
607337407
631749079
575927810
954596333
316214402
794458196
600121629
326106946
668696679
248226441
198164297
506162142
110129164
829851467
261091082
619427977
988388733
801010809
6560026
16723375
581382214
291058526
305954544
224552844
542288745
932579109
518937883
436497170
672724907
142188732
960956523
932555452
973611431
485436427
664181851
468480522
677781289
667780403
197989320
499175028
418735945
391036825
543059693
729919057
270999822
474583741
493430641
583808414
246937807
771740687
751336785
656147367
43507394
913548876
816584970
535137227
694160954
324686783
319777032
707134151
43065083
210135472
549297324
853742659
71158259
877746280
346134647
172416988
469645451
302974432
136940782
413037279
82774215
860264997
820998345
886713108
987721455
634076265
275862044
552069732
807838765
315089265
982357356
466344105
82177375
908194767
353502031
967234808
58086597
993409823
773016433
255714100
506822468
144618720
674791407
924647927
159711516
20247234
620494888
33432400
152808382
181578374
732053671
690919615
682610821
595941355
810802461
669273307
598821662
161617541
405531308
237292144
280069945
207796499
185492661
346017242
195742995
425696204
517783277
210577054
595582899
866072944
755652030
664318946
785535168
674452572
607584958
884058836
143699396
949804524
96991590
934100080
57442006
216967636
137594459
302506623
178234846
350461112
